2
2
2
2
1186
765
8
2
3
2
3
2
34
28
27
29
7
15
111
33
309
7
578
17
27
206
2
8
12
2
2
2
626
3
2
243
638
33
33
5
640
646
608
16
48
33
9
4
2
537
35
103
3
525
35
103
3
519
35
103
3
425
35
88
3
16
2
486
3
3
2
28
212
8
27
622
2
6
11
914
2
29
82
82
82
82
510
2
3
9
1081
309
116
2
2
2
2
655
2650
37
33
60
22
83
1528
223
210
173
2534
1265
499
2
2
159
137
253
210
3
68
29
74
116
96
304
65
213
67
213
360
202
24
95
158
413
270
3
69
32
248
35
4
248
35
4
740
35
10
2
2
885
286
159
1908
85
289
532
13
1366
16
3
33
33
35
32
24
9
5
3
3
2
2
4
3
13
499
18
59
3
488
153
311
125
19
245
133
2
382
67
277
47
4
400
6
3
3
3
30
4
34
5
40
14
467
482
1415
4
35
32
4
4
32
6
4
4
6
402
11
3
21
